Row 0:
weak_image: tensor([[[[ 2.2489,  2.2489,  2.2489,  ...,  2.2489,  2.2489,  2.2489],
          [ 2.2489,  2.2489,  2.2489,  ...,  2.2489,  2.2489,  2.2489],
          [ 2.2489,  2.2489,  2.2489,  ...,  2.2489,  2.2489,  2.2489],
          ...,
          [ 2.2489,  2.2489,  2.2489,  ...,  1.7865,  1.7694,  1.8379],
          [ 2.2489,  2.2489,  2.2489,  ...,  1.8379,  1.8037,  1.9578],
          [ 2.2489,  2.2489,  2.2489,  ...,  1.8379,  1.8037,  1.9407]],

         [[ 2.4286,  2.4286,  2.4286,  ...,  2.4286,  2.4286,  2.4286],
          [ 2.4286,  2.4286,  2.4286,  ...,  2.4286,  2.4286,  2.4286],
          [ 2.4286,  2.4286,  2.4286,  ...,  2.4286,  2.4286,  2.4286],
          ...,
          [ 2.4286,  2.4286,  2.4286,  ...,  1.9559,  1.9909,  2.1310],
          [ 2.4286,  2.4286,  2.4286,  ...,  2.0084,  1.9909,  2.1835],
          [ 2.4286,  2.4286,  2.4286,  ...,  2.0084,  1.9909,  2.1660]],

         [[ 2.6400,  2.6400,  2.6400,  ...,  2.6400,  2.6400,  2.6400],
          [ 2.6400,  2.6400,  2.6400,  ...,  2.6400,  2.6400,  2.6400],
          [ 2.6400,  2.6400,  2.6400,  ...,  2.6400,  2.6400,  2.6400],
          ...,
          [ 2.6400,  2.6400,  2.6400,  ...,  2.1694,  2.2391,  2.3786],
          [ 2.6400,  2.6400,  2.6400,  ...,  2.2217,  2.1868,  2.3960],
          [ 2.6400,  2.6400,  2.6400,  ...,  2.2217,  2.1694,  2.4134]]],


        [[[ 0.0398,  0.0227,  0.0227,  ...,  0.1426,  0.1254,  0.1254],
          [ 0.0398,  0.0227,  0.0056,  ...,  0.2796,  0.0569,  0.1083],
          [ 0.0398,  0.0227, -0.0116,  ...,  0.4337,  0.1768,  0.1597],
          ...,
          [-0.0801, -0.0801, -0.0801,  ...,  0.0398,  0.0569,  0.0398],
          [-0.0116, -0.0972, -0.1143,  ...,  0.0056,  0.0398,  0.0569],
          [ 0.0398,  0.0056, -0.0458,  ...,  0.0398,  0.0056,  0.0056]],

         [[ 1.0630,  1.0455,  1.0455,  ...,  1.1331,  0.8880,  0.8354],
          [ 1.0280,  1.0105,  0.9930,  ...,  1.2381,  0.9580,  0.7304],
          [ 1.0280,  1.0455,  1.0280,  ...,  1.2731,  1.0805,  0.8004],
          ...,
          [ 0.9930,  0.9755,  0.9930,  ...,  1.0630,  1.0805,  1.0630],
          [ 1.0455,  0.9930,  0.9580,  ...,  1.0280,  1.0630,  1.0805],
          [ 1.0630,  1.0455,  1.0105,  ...,  1.0630,  1.0280,  0.9930]],

         [[ 2.0300,  2.0125,  2.0125,  ...,  2.0648,  1.8208,  1.7511],
          [ 1.9603,  1.9603,  1.9428,  ...,  2.0823,  1.9080,  1.6291],
          [ 1.9777,  1.9777,  1.9603,  ...,  2.0823,  1.9428,  1.6988],
          ...,
          [ 1.9951,  1.9951,  2.0125,  ...,  2.0300,  2.0474,  2.0300],
          [ 2.0648,  2.0300,  1.9951,  ...,  1.9951,  2.0300,  2.0474],
          [ 2.0300,  2.0648,  2.0300,  ...,  2.0300,  1.9777,  1.9428]]]])
strong_image: tensor([[[[-0.7308, -0.7308, -0.7308,  ..., -0.7308, -0.7308, -0.7308],
          [-0.7308, -0.7308, -0.7308,  ..., -0.7308, -0.7308, -0.7308],
          [-0.7308, -0.7308, -0.7308,  ..., -0.7308, -0.7308, -0.7308],
          ...,
          [-0.8335, -0.7650, -0.7308,  ..., -0.7308, -0.7308, -0.7308],
          [-0.8164, -0.7650, -0.7308,  ..., -0.7308, -0.7308, -0.7308],
          [-0.8678, -0.7479, -0.7308,  ..., -0.7479, -0.7308, -0.7308]],

         [[-0.6176, -0.6176, -0.6176,  ..., -0.6176, -0.6176, -0.6176],
          [-0.6176, -0.6176, -0.6176,  ..., -0.6176, -0.6176, -0.6176],
          [-0.6176, -0.6176, -0.6176,  ..., -0.6176, -0.6176, -0.6176],
          ...,
          [-0.7052, -0.6527, -0.6176,  ..., -0.6176, -0.6176, -0.6176],
          [-0.6877, -0.6352, -0.6176,  ..., -0.6176, -0.6176, -0.6176],
          [-0.7052, -0.6352, -0.6176,  ..., -0.6352, -0.6176, -0.6176]],

         [[-0.3927, -0.3927, -0.3927,  ..., -0.3927, -0.3927, -0.3927],
          [-0.3927, -0.3927, -0.3927,  ..., -0.3927, -0.3927, -0.3927],
          [-0.3927, -0.3927, -0.3927,  ..., -0.3927, -0.3927, -0.4101],
          ...,
          [-0.4624, -0.4101, -0.3927,  ..., -0.3927, -0.3927, -0.3927],
          [-0.4624, -0.4101, -0.3927,  ..., -0.3927, -0.3927, -0.3927],
          [-0.4798, -0.4101, -0.3927,  ..., -0.4101, -0.3927, -0.3927]]],


        [[[ 1.4440,  1.3755,  1.2557,  ...,  0.0569,  0.0569,  0.0569],
          [ 1.3584,  1.2557,  1.0159,  ...,  0.0569,  0.0569,  0.0569],
          [-2.1179,  0.7933,  0.7077,  ...,  0.0569,  0.0569,  0.0569],
          ...,
          [-2.1179, -2.1179, -2.1179,  ...,  0.0227,  0.0227,  0.0227],
          [-2.1179, -2.1179, -2.1179,  ...,  0.0227,  0.0227,  0.0227],
          [-2.1179, -2.1179, -2.1179,  ...,  0.0398,  0.0227,  0.0227]],

         [[ 1.5882,  1.5532,  1.4482,  ...,  0.1877,  0.1877,  0.1877],
          [ 1.4832,  1.4307,  1.2731,  ...,  0.1877,  0.1877,  0.1877],
          [-2.0357,  0.9580,  0.9055,  ...,  0.1877,  0.1877,  0.1877],
          ...,
          [-2.0357, -2.0357, -2.0357,  ...,  1.0455,  1.0455,  1.0455],
          [-2.0357, -2.0357, -2.0357,  ...,  1.0455,  1.0455,  1.0455],
          [-2.0357, -2.0357, -2.0357,  ...,  1.0630,  1.0455,  1.0455]],

         [[ 1.0714,  1.0365,  0.9319,  ...,  0.4091,  0.4091,  0.4091],
          [ 1.0017,  0.9145,  0.7054,  ...,  0.4091,  0.4091,  0.4091],
          [-1.8044,  0.6531,  0.5834,  ...,  0.4091,  0.4091,  0.4091],
          ...,
          [-1.8044, -1.8044, -1.8044,  ...,  2.0125,  2.0125,  2.0125],
          [-1.8044, -1.8044, -1.8044,  ...,  2.0125,  2.0125,  2.0125],
          [-1.8044, -1.8044, -1.8044,  ...,  2.0300,  2.0125,  2.0125]]]])
Row 1:
weak_image: tensor([[[[-1.6898, -1.7069, -1.7069,  ..., -0.4397, -1.4329, -0.5596],
          [-1.7754, -1.7412, -1.7069,  ..., -0.2171, -1.5699, -1.0904],
          [-1.9809, -1.9809, -1.9638,  ..., -0.2856, -0.3369, -0.4911],
          ...,
          [-1.8439, -1.8439, -1.8268,  ..., -1.5870, -1.5870, -1.5870],
          [-1.8610, -1.8439, -1.8268,  ..., -1.5870, -1.5870, -1.5870],
          [-1.8782, -1.8439, -1.8268,  ..., -1.5870, -1.5870, -1.5870]],

         [[-1.0203, -1.0378, -1.0028,  ..., -0.6352, -0.9328, -0.0049],
          [-1.0903, -1.0553, -1.0028,  ...,  0.3978, -0.8277, -0.4076],
          [-1.4230, -1.4055, -1.3880,  ...,  0.4503,  0.3277,  0.2052],
          ...,
          [-1.3004, -1.2829, -1.2654,  ..., -0.9678, -1.0028, -1.0203],
          [-1.3004, -1.2829, -1.2654,  ..., -0.9678, -1.0028, -1.0203],
          [-1.3179, -1.2829, -1.2654,  ..., -0.9678, -1.0028, -1.0203]],

         [[ 0.2348,  0.3045,  0.3916,  ...,  0.3045,  0.8274,  1.2108],
          [ 0.2696,  0.3568,  0.4439,  ...,  1.4897,  1.2282,  1.5245],
          [-0.2881, -0.2532, -0.2184,  ...,  0.6531,  0.7054,  0.7228],
          ...,
          [-0.1312, -0.0964, -0.0790,  ...,  0.1999,  0.1825,  0.1651],
          [-0.1138, -0.0964, -0.0790,  ...,  0.1999,  0.1825,  0.1651],
          [-0.1312, -0.0964, -0.0790,  ...,  0.1999,  0.1825,  0.1651]]],


        [[[ 0.6049,  0.6392,  0.6734,  ...,  0.9646,  0.9646,  0.9817],
          [ 0.5193,  0.5536,  0.5707,  ...,  0.8789,  0.8618,  0.8789],
          [ 0.6049,  0.6392,  0.6734,  ...,  0.9646,  0.9646,  0.9817],
          ...,
          [ 1.6153,  1.6324,  1.6324,  ...,  1.8550,  1.8550,  1.8550],
          [ 1.6153,  1.6324,  1.6838,  ...,  1.8550,  1.8550,  1.8379],
          [ 1.6324,  1.6667,  1.7009,  ...,  1.8550,  1.8379,  1.8208]],

         [[ 0.7479,  0.7829,  0.8179,  ...,  1.1155,  1.1155,  1.1331],
          [ 0.6604,  0.6954,  0.7129,  ...,  1.0280,  1.0105,  1.0280],
          [ 0.7479,  0.7829,  0.8179,  ...,  1.1155,  1.1155,  1.1331],
          ...,
          [ 1.7808,  1.7983,  1.7983,  ...,  2.0259,  2.0259,  2.0259],
          [ 1.7808,  1.7983,  1.8508,  ...,  2.0259,  2.0259,  2.0084],
          [ 1.7983,  1.8333,  1.8683,  ...,  2.0259,  2.0084,  1.9909]],

         [[ 0.9668,  1.0017,  1.0365,  ...,  1.3328,  1.3328,  1.3502],
          [ 0.8797,  0.9145,  0.9319,  ...,  1.2457,  1.2282,  1.2457],
          [ 0.9668,  1.0017,  1.0365,  ...,  1.3328,  1.3328,  1.3502],
          ...,
          [ 1.9951,  2.0125,  2.0125,  ...,  2.2391,  2.2391,  2.2391],
          [ 1.9951,  2.0125,  2.0648,  ...,  2.2391,  2.2391,  2.2217],
          [ 2.0125,  2.0474,  2.0823,  ...,  2.2391,  2.2217,  2.2043]]]])
strong_image: tensor([[[[-1.9467, -1.8782, -1.8953,  ..., -1.7412, -1.7069, -1.7583],
          [-1.8953, -1.8439, -1.9295,  ..., -1.9638, -1.9638, -1.9980],
          [-1.9467, -1.8439, -1.8610,  ..., -1.6384, -1.6042, -1.7583],
          ...,
          [ 0.0569,  0.0569,  0.0569,  ..., -1.5870, -1.5870, -1.5699],
          [ 0.0569,  0.0569,  0.0569,  ..., -1.6042, -1.5870, -1.5870],
          [ 0.0569,  0.0569,  0.0569,  ..., -1.6213, -1.6042, -1.5870]],

         [[-1.4580, -1.3880, -1.4055,  ..., -1.1253, -1.1078, -1.1429],
          [-1.4405, -1.3529, -1.4580,  ..., -1.4405, -1.4230, -1.4930],
          [-1.4580, -1.3354, -1.3529,  ..., -1.0203, -1.0028, -1.1429],
          ...,
          [ 0.1877,  0.1877,  0.1877,  ..., -1.0028, -0.9853, -0.9678],
          [ 0.1877,  0.1877,  0.1877,  ..., -1.0028, -0.9853, -0.9678],
          [ 0.1877,  0.1877,  0.1877,  ..., -1.0028, -1.0028, -0.9853]],

         [[-0.6541, -0.6367, -0.6367,  ...,  0.1302,  0.1302,  0.1302],
          [-0.6715, -0.6890, -0.6890,  ..., -0.3404, -0.3230, -0.4275],
          [-0.6541, -0.6541, -0.6541,  ...,  0.1999,  0.1999,  0.1302],
          ...,
          [ 0.4091,  0.4091,  0.4091,  ...,  0.1825,  0.1999,  0.2348],
          [ 0.4091,  0.4091,  0.4091,  ...,  0.1825,  0.1999,  0.2173],
          [ 0.4091,  0.4091,  0.4091,  ...,  0.1825,  0.1825,  0.1999]]],


        [[[ 0.8961,  0.8961,  0.8961,  ...,  1.1700,  1.1700,  1.1700],
          [ 0.8961,  0.8961,  0.8961,  ...,  0.8961,  0.8961,  1.1700],
          [ 0.6221,  0.6221,  0.8961,  ...,  0.8961,  0.8961,  0.8961],
          ...,
          [ 1.7180,  1.7180,  1.7180,  ...,  0.0569,  0.0569,  0.0569],
          [ 1.7180,  1.7180,  1.7180,  ...,  0.0569,  0.0569,  0.0569],
          [ 1.7180,  1.7180,  1.7180,  ...,  0.0569,  0.0569,  0.0569]],

         [[ 1.0455,  1.0455,  1.0455,  ...,  1.3256,  1.3256,  1.3256],
          [ 1.0455,  1.0455,  1.0455,  ...,  1.0455,  1.0455,  1.3256],
          [ 0.7654,  0.7654,  1.0455,  ...,  1.0455,  1.0455,  1.0455],
          ...,
          [ 1.8859,  1.8859,  1.8859,  ...,  0.1877,  0.1877,  0.1877],
          [ 1.8859,  1.8859,  1.8859,  ...,  0.1877,  0.1877,  0.1877],
          [ 1.8859,  1.8859,  1.8859,  ...,  0.1877,  0.1877,  0.1877]],

         [[ 1.2631,  1.2631,  1.2631,  ...,  1.5420,  1.5420,  1.5420],
          [ 1.2631,  1.2631,  1.2631,  ...,  1.2631,  1.2631,  1.5420],
          [ 0.9842,  0.9842,  1.2631,  ...,  1.2631,  1.2631,  1.2631],
          ...,
          [ 2.0997,  2.0997,  2.0997,  ...,  0.4091,  0.4091,  0.4091],
          [ 2.0997,  2.0997,  2.0997,  ...,  0.4091,  0.4091,  0.4091],
          [ 2.0997,  2.0997,  2.0997,  ...,  0.4091,  0.4091,  0.4091]]]])
Row 2:
weak_image: tensor([[[[ 0.7077,  0.8618,  0.8961,  ...,  1.2385,  1.2214,  1.1015],
          [ 0.3994,  0.7419,  1.0502,  ...,  1.1015,  1.1187,  0.9474],
          [ 0.8104,  1.5810,  1.6153,  ...,  1.3070,  1.0844,  0.7419],
          ...,
          [ 0.0056,  0.0227,  0.0398,  ..., -0.2171, -0.2342, -0.2342],
          [ 0.0056,  0.0227, -0.0116,  ..., -0.3027, -0.2513, -0.1828],
          [ 0.0227, -0.0116,  0.0227,  ..., -0.2171, -0.2171, -0.1486]],

         [[ 1.0630,  1.1506,  1.2206,  ...,  1.5882,  1.7108,  1.7458],
          [ 0.7479,  1.0455,  1.2556,  ...,  1.6933,  1.7458,  1.7808],
          [ 1.0805,  1.7808,  1.8333,  ...,  1.5182,  1.6583,  1.7633],
          ...,
          [ 1.0280,  1.0455,  1.0630,  ...,  1.1506,  0.9930,  0.9580],
          [ 1.0280,  1.0455,  0.9930,  ...,  0.9405,  1.0980,  1.1856],
          [ 1.0455,  1.0105,  1.0455,  ...,  0.9230,  0.9230,  1.0105]],

         [[ 0.4265,  0.4439,  0.7576,  ...,  0.9842,  1.0714,  1.0365],
          [ 0.2173,  0.6008,  0.7402,  ...,  1.1062,  1.1934,  1.2457],
          [ 0.5311,  1.7511,  1.7860,  ...,  0.9668,  1.0888,  1.1411],
          ...,
          [ 1.9951,  2.0125,  2.0300,  ...,  1.9254,  1.9428,  1.9254],
          [ 1.9951,  2.0125,  1.9428,  ...,  1.9428,  1.9080,  1.9428],
          [ 2.0125,  1.9777,  2.0125,  ...,  1.9951,  2.0125,  1.9951]]],


        [[[ 2.2489,  2.2489,  1.5639,  ...,  0.1426,  0.2967,  1.8037],
          [ 2.2489,  2.2489,  1.5468,  ...,  0.5536,  0.7762,  1.8893],
          [ 2.2489,  2.2489,  1.4783,  ...,  0.3994,  0.2796,  1.7694],
          ...,
          [ 2.2489,  2.2489,  2.1975,  ...,  1.7865,  1.5982,  1.6667],
          [ 2.2489,  2.2489,  2.2489,  ...,  1.7009,  1.5125,  1.5639],
          [ 2.2489,  2.2489,  2.1975,  ...,  1.7865,  1.5982,  1.6667]],

         [[ 2.4286,  2.4286,  1.7283,  ...,  0.5378,  0.6604,  2.0084],
          [ 2.4286,  2.4286,  1.7108,  ...,  0.8354,  0.9930,  2.0609],
          [ 2.4286,  2.4286,  1.6408,  ...,  0.5378,  0.4153,  1.9384],
          ...,
          [ 2.4286,  2.4286,  2.3761,  ...,  1.9559,  1.7633,  1.8333],
          [ 2.4286,  2.4286,  2.4286,  ...,  1.8683,  1.6758,  1.7283],
          [ 2.4286,  2.4286,  2.3761,  ...,  1.9559,  1.7633,  1.8333]],

         [[ 2.6400,  2.6400,  1.7163,  ...,  1.4548,  1.4722,  2.2914],
          [ 2.6400,  2.6400,  1.6640,  ...,  1.2108,  1.1585,  2.2566],
          [ 2.6400,  2.6400,  1.5942,  ...,  0.3916,  0.3393,  2.0997],
          ...,
          [ 2.6400,  2.6400,  2.6051,  ...,  2.1868,  1.9777,  2.0474],
          [ 2.6400,  2.6400,  2.6400,  ...,  2.0823,  1.8905,  1.9428],
          [ 2.6400,  2.6400,  2.6051,  ...,  2.1868,  1.9777,  2.0474]]]])
strong_image: tensor([[[[-0.1314, -0.0801,  0.1254,  ...,  1.1358,  1.1187,  1.1529],
          [-0.1999, -0.2171, -0.0801,  ...,  1.0844,  0.7762,  0.7077],
          [-0.1657, -0.1828,  0.0569,  ...,  1.0673,  1.0331,  0.9646],
          ...,
          [ 1.0502,  1.3584,  1.4098,  ...,  0.0398,  0.0398,  0.0227],
          [ 0.8276,  1.2899,  1.2214,  ...,  0.0569,  0.0741,  0.0569],
          [ 0.7591,  0.8276,  1.1529,  ...,  0.0569,  0.0569,  0.0741]],

         [[ 0.8880,  0.9930,  1.1155,  ...,  1.6758,  1.7633,  1.7633],
          [ 0.8179,  0.8880,  0.9755,  ...,  1.5007,  1.4832,  1.3606],
          [ 0.8354,  0.9055,  1.0630,  ...,  1.3957,  1.4657,  1.5532],
          ...,
          [ 1.2381,  1.5182,  1.6232,  ...,  1.1155,  1.0805,  1.1331],
          [ 1.3256,  1.4657,  1.4307,  ...,  1.1856,  1.1681,  1.0805],
          [ 1.4832,  1.4132,  1.3431,  ...,  1.0805,  1.1506,  1.2031]],

         [[ 1.8557,  1.9951,  2.0648,  ...,  1.1585,  1.1759,  1.1759],
          [ 1.8034,  1.9254,  1.9603,  ...,  0.9668,  0.9494,  0.8797],
          [ 1.7860,  1.9428,  1.9951,  ...,  0.8274,  0.8971,  1.0017],
          ...,
          [ 0.6531,  0.9842,  1.1062,  ...,  2.0648,  2.0474,  2.0125],
          [ 1.3154,  0.7925,  1.0017,  ...,  2.0823,  2.0823,  2.0474],
          [ 2.1520,  1.6117,  0.7925,  ...,  2.0300,  2.0648,  2.0997]]],


        [[[ 2.2489,  2.2489, -2.1179,  ..., -2.1179, -2.1179, -2.1179],
          [ 2.2489,  2.2489,  1.6667,  ..., -2.1179, -2.1179, -2.1179],
          [ 2.2489,  2.2489,  1.5639,  ..., -2.1179, -2.1179, -2.1179],
          ...,
          [ 2.2489,  2.2489,  0.8789,  ..., -0.6452, -0.3369,  1.7694],
          [ 2.2489,  2.2489,  1.1872,  ...,  0.1426,  0.0741,  1.6838],
          [ 2.2489,  2.2489,  2.1975,  ..., -0.0458,  0.1597,  1.7180]],

         [[ 2.4286,  2.4286, -2.0357,  ..., -2.0357, -2.0357, -2.0357],
          [ 2.4286,  2.4286,  1.8508,  ..., -2.0357, -2.0357, -2.0357],
          [ 2.4286,  2.4286,  1.7283,  ..., -2.0357, -2.0357, -2.0357],
          ...,
          [ 2.4286,  2.4286,  1.1506,  ..., -0.2850,  0.0651,  1.9734],
          [ 2.4286,  2.4286,  1.4307,  ...,  0.4153,  0.2752,  1.9034],
          [ 2.4286,  2.4286,  2.3761,  ...,  0.3627,  0.5378,  1.9034]],

         [[ 2.6400,  2.6400, -1.8044,  ..., -1.8044, -1.8044, -1.8044],
          [ 2.6400,  2.6400,  1.8731,  ..., -1.8044, -1.8044, -1.8044],
          [ 2.6400,  2.6400,  1.7163,  ..., -1.8044, -1.8044, -1.8044],
          ...,
          [ 2.6400,  2.6400,  1.6291,  ...,  0.5136,  0.9319,  2.2914],
          [ 2.6400,  2.6400,  1.8208,  ...,  1.0017,  0.7228,  2.2217],
          [ 2.6400,  2.6400,  2.6051,  ...,  1.2108,  1.2631,  2.1520]]]])
Row 3:
weak_image: tensor([[[[-2.0323, -2.0152, -1.9980,  ..., -0.7479, -0.5596, -0.3541],
          [-1.8782, -1.8439, -1.8097,  ...,  0.2453,  0.3823,  0.3652],
          [-1.8097, -1.7754, -1.7240,  ..., -0.2513, -0.1143, -0.1828],
          ...,
          [-1.9295, -1.9124, -1.8953,  ..., -1.5699, -1.5870, -1.5870],
          [-1.9295, -1.9124, -1.8953,  ..., -1.5699, -1.5870, -1.6042],
          [-1.9295, -1.9124, -1.8953,  ..., -1.5699, -1.5870, -1.5870]],

         [[-1.4930, -1.4755, -1.4580,  ...,  0.1001,  0.1877,  0.3803],
          [-1.2479, -1.1779, -1.1429,  ...,  0.7829,  0.8880,  0.8704],
          [-1.1779, -1.1253, -1.0553,  ..., -0.4776, -0.3550, -0.4426],
          ...,
          [-1.3704, -1.3529, -1.3354,  ..., -0.9678, -0.9678, -0.9678],
          [-1.3704, -1.3529, -1.3354,  ..., -0.9678, -0.9678, -0.9853],
          [-1.3704, -1.3529, -1.3354,  ..., -0.9678, -0.9678, -0.9678]],

         [[-0.3927, -0.3578, -0.3230,  ...,  0.1999,  0.3916,  0.6008],
          [ 0.0256,  0.1128,  0.1825,  ...,  1.6814,  1.7337,  1.7337],
          [-0.0092,  0.0779,  0.1476,  ...,  0.3916,  0.4439,  0.3916],
          ...,
          [-0.1835, -0.1661, -0.1487,  ...,  0.2173,  0.2173,  0.1999],
          [-0.1835, -0.1661, -0.1487,  ...,  0.2173,  0.1999,  0.1825],
          [-0.1835, -0.1661, -0.1487,  ...,  0.2173,  0.2173,  0.1999]]],


        [[[ 1.9064,  0.7591,  0.7591,  ...,  1.6153,  2.2489,  2.2489],
          [ 1.9064,  0.9817,  0.8104,  ...,  1.5468,  2.2489,  2.2489],
          [ 1.9407,  1.1700,  0.6906,  ...,  1.4783,  2.2489,  2.2489],
          ...,
          [ 1.8722,  0.6049,  0.4508,  ...,  1.2385,  2.2489,  2.2489],
          [ 2.2147,  1.7180,  1.6324,  ...,  2.0777,  2.2489,  2.2489],
          [ 2.2489,  1.6667,  1.6153,  ...,  2.0777,  2.2489,  2.2489]],

         [[ 2.1134,  1.0455,  1.0630,  ...,  1.7808,  2.4286,  2.4286],
          [ 2.0959,  1.2031,  0.9930,  ...,  1.7108,  2.4286,  2.4286],
          [ 2.1134,  1.3256,  0.8354,  ...,  1.6408,  2.4286,  2.4286],
          ...,
          [ 2.0784,  0.9055,  0.7654,  ...,  1.4657,  2.4286,  2.4286],
          [ 2.3936,  1.8859,  1.7983,  ...,  2.2535,  2.4286,  2.4286],
          [ 2.4286,  1.8333,  1.7808,  ...,  2.2535,  2.4286,  2.4286]],

         [[ 2.3786,  1.6291,  1.5942,  ...,  1.7860,  2.6400,  2.6400],
          [ 2.2914,  1.2631,  0.9494,  ...,  1.6988,  2.6400,  2.6400],
          [ 2.2391,  1.0539,  0.6008,  ...,  1.6291,  2.6400,  2.6400],
          ...,
          [ 2.3437,  1.4722,  1.3851,  ...,  1.8557,  2.6400,  2.6400],
          [ 2.6051,  2.0997,  2.0125,  ...,  2.4657,  2.6400,  2.6400],
          [ 2.6400,  2.0474,  1.9951,  ...,  2.4657,  2.6400,  2.6400]]]])
strong_image: tensor([[[[ 0.0569,  0.0569,  0.0569,  ..., -0.1828, -0.2856, -0.0972],
          [ 0.0569,  0.0569,  0.0569,  ..., -1.6898, -1.6898, -1.6555],
          [ 0.0569,  0.0569,  0.0569,  ..., -1.9809, -1.9809, -1.9124],
          ...,
          [-1.0562, -1.0733, -1.0904,  ..., -1.4843, -1.5185, -1.5357],
          [-0.9020, -1.0904, -1.3473,  ..., -1.5528, -1.5357, -1.5357],
          [-1.0219, -1.4329, -1.8268,  ..., -1.5528, -1.5528, -1.5357]],

         [[ 0.1877,  0.1877,  0.1877,  ...,  0.4328,  0.3452,  0.5028],
          [ 0.1877,  0.1877,  0.1877,  ..., -1.0903, -1.0903, -1.0553],
          [ 0.1877,  0.1877,  0.1877,  ..., -1.4580, -1.4580, -1.3880],
          ...,
          [-0.1099, -0.1099, -0.2150,  ..., -0.9328, -0.9328, -0.9328],
          [ 0.0301, -0.2675, -0.6877,  ..., -0.9328, -0.9328, -0.9328],
          [-0.0924, -0.8102, -1.2829,  ..., -0.9503, -0.9503, -0.9328]],

         [[ 0.4091,  0.4091,  0.4091,  ...,  1.5768,  1.5420,  1.5942],
          [ 0.4091,  0.4091,  0.4091,  ...,  0.1651,  0.1651,  0.1476],
          [ 0.4091,  0.4091,  0.4091,  ..., -0.3753, -0.3753, -0.4275],
          ...,
          [-0.8110, -0.8284, -0.8110,  ...,  0.2348,  0.2522,  0.2696],
          [-0.6541, -0.7587, -0.7587,  ...,  0.2522,  0.2522,  0.2696],
          [-0.7238, -0.6367, -0.3927,  ...,  0.2522,  0.2522,  0.2522]]],


        [[[ 0.9646,  0.4337, -0.4911,  ...,  1.2043,  1.1872,  1.0844],
          [ 0.2282, -0.3883, -0.7308,  ...,  0.0569,  0.0569,  0.0569],
          [ 0.7933, -0.2684, -0.7308,  ...,  0.0569,  0.0569,  0.0569],
          ...,
          [-2.1179, -2.1179, -2.1179,  ..., -2.1179, -2.1179, -2.1179],
          [-2.1179, -2.1179, -2.1179,  ..., -2.1179, -2.1179, -2.1179],
          [-2.1179, -2.1179, -2.1179,  ..., -2.1179, -2.1179, -2.1179]],

         [[ 1.1331,  0.7129, -0.0574,  ...,  1.3431,  1.3081,  1.2206],
          [ 0.3803, -0.1275, -0.3550,  ...,  0.1877,  0.1877,  0.1877],
          [ 0.9755, -0.0049, -0.4426,  ...,  0.1877,  0.1877,  0.1877],
          ...,
          [-2.0357, -2.0357, -2.0357,  ..., -2.0357, -2.0357, -2.0357],
          [-2.0357, -2.0357, -2.0357,  ..., -2.0357, -2.0357, -2.0357],
          [-2.0357, -2.0357, -2.0357,  ..., -2.0357, -2.0357, -2.0357]],

         [[ 1.0191,  1.1759,  0.8797,  ...,  0.8448,  0.7925,  0.6879],
          [ 0.3393,  0.4614,  0.4962,  ...,  0.4091,  0.4091,  0.4091],
          [ 0.9494,  0.6356,  0.3045,  ...,  0.4091,  0.4091,  0.4091],
          ...,
          [-1.8044, -1.8044, -1.8044,  ..., -1.8044, -1.8044, -1.8044],
          [-1.8044, -1.8044, -1.8044,  ..., -1.8044, -1.8044, -1.8044],
          [-1.8044, -1.8044, -1.8044,  ..., -1.8044, -1.8044, -1.8044]]]])
Row 4:
weak_image: tensor([[[[-1.0219, -0.9877, -0.9705,  ...,  0.5878,  0.5193,  0.2796],
          [-1.2617, -1.2788, -1.2274,  ...,  0.5193,  0.6221,  0.3823],
          [ 0.1254,  0.0227, -0.5938,  ...,  0.6734,  0.6906,  0.3481],
          ...,
          [-1.8439, -1.9295, -1.9124,  ..., -0.8678, -0.7137, -0.6965],
          [-1.6213, -1.9467, -1.9124,  ..., -0.8335, -0.5596, -0.4911],
          [-1.3130, -1.9638, -1.9295,  ..., -1.0219, -0.5424, -0.5767]],

         [[-1.0378, -1.0203, -1.0203,  ...,  0.4503,  0.4328,  0.1702],
          [-1.2654, -1.2654, -1.2479,  ...,  0.3978,  0.5203,  0.2227],
          [ 0.0301, -0.0574, -0.6352,  ...,  0.2927,  0.2227, -0.0224],
          ...,
          [-1.8256, -1.9132, -1.8957,  ..., -0.8803, -0.7052, -0.7052],
          [-1.5980, -1.9132, -1.8957,  ..., -0.8102, -0.5476, -0.4951],
          [-1.2829, -1.9132, -1.8957,  ..., -1.0203, -0.5301, -0.6001]],

         [[-1.1247, -1.1770, -1.1596,  ...,  0.0605,  0.1128, -0.2010],
          [-1.2816, -1.2990, -1.3164,  ...,  0.0082,  0.1825, -0.1487],
          [-0.6541, -0.6890, -1.0201,  ..., -0.1312, -0.1835, -0.4101],
          ...,
          [-1.6302, -1.6999, -1.6824,  ..., -0.8633, -0.7936, -0.8633],
          [-1.4210, -1.6824, -1.6650,  ..., -0.8284, -0.6541, -0.6193],
          [-1.1421, -1.6999, -1.6650,  ..., -1.0027, -0.5670, -0.6367]]],


        [[[ 1.3070,  1.4098,  1.4612,  ...,  0.9646,  1.2214,  1.9407],
          [ 1.6153,  1.7523,  1.7523,  ...,  0.6563,  1.3070,  1.9407],
          [ 1.7523,  1.8893,  1.8893,  ...,  1.2385,  1.2043,  1.8208],
          ...,
          [ 1.8037,  1.9749,  1.9749,  ...,  1.1700,  1.1700,  1.9407],
          [ 1.4098,  1.5810,  1.5810,  ...,  1.1700,  1.1700,  1.9407],
          [ 1.3413,  1.3413,  1.4783,  ...,  1.1700,  1.1358,  1.8550]],

         [[ 1.5007,  1.6057,  1.6583,  ...,  1.8158,  1.7983,  2.1134],
          [ 1.7633,  1.9209,  1.9209,  ...,  1.4832,  1.9559,  2.1134],
          [ 1.8859,  2.0434,  2.0434,  ...,  2.1835,  1.8333,  1.9909],
          ...,
          [ 1.9734,  2.1134,  2.1134,  ...,  1.3256,  1.3081,  2.1134],
          [ 1.5532,  1.7458,  1.7458,  ...,  1.3256,  1.3081,  2.1134],
          [ 1.5532,  1.5532,  1.6758,  ...,  1.3256,  1.2731,  2.0259]],

         [[ 1.9080,  2.0474,  2.0997,  ...,  1.4374,  1.7163,  2.5529],
          [ 2.1868,  2.3437,  2.3437,  ...,  1.0191,  1.7685,  2.5529],
          [ 2.3088,  2.4831,  2.4831,  ...,  1.6117,  1.6640,  2.4134],
          ...,
          [ 2.3786,  2.5529,  2.5529,  ...,  2.6226,  2.2391,  2.5703],
          [ 1.9428,  2.1520,  2.1520,  ...,  2.6226,  2.2391,  2.5703],
          [ 1.9777,  2.0125,  2.1171,  ...,  2.6400,  2.2217,  2.5354]]]])
strong_image: tensor([[[[ 0.4851,  0.7762,  0.0569,  ...,  0.2111,  0.0398, -0.2684],
          [ 0.7419,  0.9988,  0.0569,  ..., -0.2856, -0.3541, -0.5253],
          [ 0.6049,  0.6221,  0.0569,  ...,  0.0398,  0.0398, -0.3027],
          ...,
          [ 0.0569,  0.7591,  1.0159,  ..., -1.6042, -1.6213, -1.5014],
          [ 0.1083,  0.5364,  0.7762,  ..., -1.3302, -0.9534, -0.7993],
          [-0.1486,  0.1939,  0.3994,  ..., -0.9363, -0.8678, -0.9705]],

         [[ 0.3978,  0.7829,  0.1877,  ..., -0.0049, -0.1099, -0.4776],
          [ 0.6078,  0.9405,  0.1877,  ..., -0.4951, -0.5826, -0.7577],
          [ 0.5028,  0.5378,  0.1877,  ..., -0.1450, -0.1275, -0.4076],
          ...,
          [-1.2829, -1.0378, -0.8452,  ..., -1.6155, -1.6155, -1.4755],
          [-1.2479, -1.1604, -0.9853,  ..., -1.3354, -0.9853, -0.8102],
          [-1.3354, -1.3179, -1.1779,  ..., -0.9503, -0.8803, -0.9503]],

         [[ 0.0779,  0.4439,  0.4091,  ..., -0.4101, -0.4450, -0.7587],
          [ 0.1128,  0.2696,  0.4091,  ..., -0.8458, -0.8807, -1.0027],
          [ 0.0431,  0.0431,  0.4091,  ..., -0.5321, -0.5147, -0.6890],
          ...,
          [-1.3687, -1.2119, -1.0550,  ..., -1.5604, -1.5430, -1.4036],
          [-1.3339, -1.3164, -1.1770,  ..., -1.3339, -1.0201, -0.8284],
          [-1.4036, -1.4384, -1.3339,  ..., -0.9504, -0.8807, -0.9156]]],


        [[[ 0.7762,  0.9646,  0.7077,  ...,  0.5878,  0.5707,  0.4679],
          [ 1.0502,  1.0502,  1.0502,  ...,  1.0502,  1.0502,  1.0502],
          [ 1.0502,  1.0502,  1.0502,  ...,  1.0502,  1.0502,  1.0502],
          ...,
          [ 0.2796,  0.1597,  0.1254,  ...,  0.2111,  0.3994,  0.2624],
          [ 0.3994,  0.2453,  0.1768,  ...,  0.1597,  0.3994,  0.2111],
          [ 0.9817,  0.9817,  0.9817,  ...,  0.9646,  0.9646,  0.9474]],

         [[ 0.8880,  1.1155,  0.8354,  ...,  0.6954,  0.6604,  0.5903],
          [ 1.1856,  1.1856,  1.1856,  ...,  1.1856,  1.1856,  1.1856],
          [ 1.1856,  1.1856,  1.1856,  ...,  1.1856,  1.1856,  1.1856],
          ...,
          [ 0.3978,  0.2927,  0.2227,  ...,  0.3277,  0.5028,  0.3978],
          [ 0.5203,  0.3627,  0.2927,  ...,  0.2752,  0.5203,  0.3452],
          [ 1.1155,  1.1155,  1.1155,  ...,  1.0980,  1.1155,  1.0980]],

         [[ 1.2805,  1.5071,  1.2457,  ...,  1.0888,  1.0888,  0.9842],
          [ 1.5942,  1.5942,  1.5942,  ...,  1.5942,  1.5942,  1.5942],
          [ 1.5942,  1.5942,  1.5942,  ...,  1.5942,  1.5942,  1.5942],
          ...,
          [ 1.2631,  1.1237,  1.0714,  ...,  1.1585,  1.4025,  1.2631],
          [ 1.2805,  1.1062,  1.0539,  ...,  1.0017,  1.2805,  1.0888],
          [ 1.5768,  1.5768,  1.5768,  ...,  1.5420,  1.5594,  1.5420]]]])
